,Ready-Steady-Wean-How-To-Move-Baby-Onto-Solids,babys_first_food_journey,getting-baby-started-on-solids,baby-first-year-go-steady-with-solids,what-a-weaning-baby-needs-for-strong-immunity,baby-getting-ready-for-solids,what-is-the-glycaemic-index,the-gi-values-of-common-foods,abcs_of_falls,tips-on-fall-prevention,combatingfalls,falls_prevention_programme,move-in-your-time,pregnancy-being-fit-when-pregnant,how-to-order-healthier-drinks,yum-seng-how-to-order-healthier-drinks,say-siu-dai-instead,baby-common-infant-problems-and-conditions,guide-to-common-infant-conditions,help-your-child-untangle-from-the-web,child-sixth-year-healthy-screen-habits,9-health-hazards-of-electronic-devices-for-kids,eye-care-for-pre-schooler,good_eye_care_habits,growing-kid-healthy-eyes-clear-vision,guide-to-toddler-eye-care,Cut-the-sweet-tallk-4-ways-to-slash-sugar-from-your-diet,how-well-do-you-know-your-sugar,hidden-sugars-and-diabetes,how-to-have-your-kueh-and-eat-it,sugar-rush,talking-to-teen-about-sex-and-sexuality,how-to-talk-to-your-kids-about-sex,dont_be_a_party_pooper,responsible_drinking_guide,life-is-better-when-youre-sober,pint-of-no-return,survive-situations-without-drinking,how-to-survive-the-festive-period-of-overindulgence,alcohol-and-health-set-your-drinking-limits,be-a-master-of-stress,exam-stress-busting-tips,beatstressguide,all-you-need-to-know-about-vaccinations,baby-immunisation-inject-to-protect,weigh-to-go-quit-smoking-without-weight-gain,learn-the-way-of-the-cold-turkey,stubbing-out-myths-about-quitting,breathe_in_the_air,shake-up-old-habits-to-stub-out,quit-smoking-tips-for-people-with-diabetes,say-hello-to-4ds-and-goodbye-to-smoking,howtoquit,5-fast-facts-about-nicotine-replacement-therapy,build-your-quitting-game-plan,quittips,gradual-reduction-in-a-nutshell,weather-the-withdrawal,how-to-deal-with-cravings-after-quitting,a-healthier-way-to-feast,makan-matters-whats-a-healthy-diet,child-sixth-year-what-to-eat,build_healthy_food_foundation,man_enough_healthy_eating,plan-your-meals-with-my-healthy-plate,know-your-servings-photo-guide,who-says-healthy-food-cant-taste-good,guys_guide_eat_well_look_good,toast_to_health_christmas_new_year,steady-balancing-meals-with-my-healthy-plate,eat-your-veggies,smart_ways_fill_up_fruits_veggies,fun-fruity-facts,benefits%20of%20fruit%20and%20vegetables,whole-grains,whole_grains_wise_choice,no-wholegrain-no-gain,tips_cooking_whole_grains,mentalhealth_resilience,mental-toughness-is-like-a-fruit-bowl,pregnancy-tests-for-me-and-my-baby,6-blood-tests-every-mum-to-be-undergoes,warningsignsof_dementia,reduceyourriskofdevelopingdementia,will-my-child-outgrow-his-baby-fat,dont-let-baby-fat-follow-you-to-adulthood,childbmi_healthproblems,differencesbetweenchildandadultbmi,my-child-is-in-75-percentile-bmi-is-that-good,whycleanhandsareimportant,baby-washy-washy-clean,keepthoselittlehandsclean,guide-to-oral-care-for-toddler,oral-care-for-pre-schooler,baby-smile-a-little-smile,baby-first-year-tooth-fairy-to-do-list,healthy-eating-in-school-and-at-home,is-your-child-eating-healthy-meals-at-preschool,eat_to_win_school_canteen,healthy-meals-in-pre-schools-programme,healthy-and-delicious-meals-in-school-canteens,nurturing-self-esteem,help-your-child-cope-with-puberty-and-self-esteem,move-more-live-longer,150minutes,no-time-to-exercise-no-problem,get_active_lifestyle_guide,environmentaltobaccosmoke,growing-kid-smoke-free-environment-for-a-healthier-family,bring-the-gift-of-smoke-free-living-home,time-saving-tips-for-healthy-chefs,cooking_for_health_quickneasy,healthy_cooking,surviving-sleep-deprivation-with-a-baby,baby-care-of-your-newborn-to-have-and-to-hold,the-beginners-guide-to-taking-care-of-your-baby-0-6-months,baby-first-year-bite-sized-reminders,baby-has-come-home-dealing-with-changes,baby-time-to-unwind,pregnancy-first-days-of-our-lives-with-baby,baby-babys-here-whats-next,how-can-i-prevent-tooth-decay-in-my-child,tools-for-terrific-teeth,growing-kid-help-your-child-smile-for-life,6-tips-to-make-brushing-teeth-fun-for-kids,fitness%20fun%20for%20kids,activity-ideas-to-get-5-year-old-moving,activity-ideas-to-get-pre-schooler-moving,activity-ideas-to-get-6-year-old-moving,healthyhawkerfood,eating-light-at-a-hawker-centre-is-possible,survive_hawker_paradise,beat_lunch_hour_rush,5-healthier-cbd-lunchtime-dining-options,7-tricks-for-surviving-the-food-court-at-lunchtime,manage_weight_healthy_way,baby-second-year-eat-play-love,activity-ideas-to-get-tot-moving,baby-lets-go-mummy,activity-ideas-to-get-3-year-old-moving,my-loved-one-has-dementia--what-do-i-do,dementia-role-reversal-who-is-the-carer-now,how-to-communicate-with-a-loved-one-with-dementia,caring-for-dementia-patients-handle-feelings-with-care,my-child-wont-eat-veggies-what-can-i-do,should-i-let-child-decide-or-build-fixed-routine,baby-safe-home-for-your-baby,baby-keeping-your-child-safe,growing-kid-growing-up-safe,singapore_on_a_shoestring,health-can-be-fun-and-free,3-trails-to-hit-this-weekend-for-a-dose-of-fitness-and-heritage,10000-steps-a-day-go-shopping-or-a-holiday,keeping_fit_the_fun_way,seeing-green--unwind-with-nature,get_a_pal_burn_those_cals,lets-get-fit-together,the-drop-of-life---six-reasons-to-drink-water,the-best-refreshment,happy_and_lasting_relationships,one_week_make_it_count,are-you-getting-quality-sleep,get-your-zs-to-ace-your-game,sleep,have_I_got_a_friend_in_you,getsmart_debunking_drug_myths,sorry_no_coffee_in_this_coffeeshop,wanted-new-non-smoking-friends,slip-ups-dos-and-donts,know-your-enemy-identify-and-avoid-triggers,keep-it-up-staying-smoke-free,9-reasons-smokers-are-grateful-theyve-quit,healthier-happier-richer-this-is-you-smoke-free,whats-your-reason-to-stub-out,spice-up-your-life-get-fresh-with-herbs,spice-up-your-life-dried-and-tested,add-a-healthy-pop-to-your-favourite-dishes,keep-fit-while-waiting-in-line,youre-movable-in-your-cubicle,walk-the-malls-shop-till-you-drop-kilos,10k-ok-how-to-move-more-in-everyday-life,the-nudge-to-budge-why-you-should-step-out-of-that-chair,just-keep-moving-just-keep-moving,get-up-and-go---tips-to-get-started-on-your-exercise-journey,5_reasons_to_keep_exercising,4-things-you-can-do-to-keep-your-teens-sober,smoking-alcohol-and-drugs---why-teens-get-hooked-on-this-triple-threat
Ready-Steady-Wean-How-To-Move-Baby-Onto-Solids,1.0,0.88500005,0.8175411,0.68608844,0.70543414,0.89043707,0.10597607,0.16435367,0.16170576,0.34203437,0.19616027,0.09355419,0.24644358,0.43645793,0.17814228,0.24794136,0.07285617,0.4645188,0.59195644,-0.085513555,0.33787134,-0.11352052,0.10905617,0.31193164,0.063527204,0.14423639,0.09414123,0.03211139,0.09046612,0.23867914,0.13131501,0.07401877,-0.013687769,0.020174438,0.060317956,0.06616688,-0.10312177,-0.17283987,0.0939242,0.036907163,-0.28973567,0.2202117,-0.09344562,0.3227115,0.26881218,0.16734204,0.041660197,0.07654301,-0.016287114,0.06343016,-0.058473703,-0.011972543,0.21196277,0.08189925,-0.077091455,-0.006689424,0.13331705,0.103347264,0.094074,0.14866096,-0.040762816,0.45846546,0.1550618,-0.057328247,0.0740515,0.0813962,0.15738453,0.04287104,0.21486148,0.002541167,0.068046026,0.2522826,-0.0649297,-0.087774955,0.28382987,0.18792182,0.25141698,0.22959974,-0.17696343,-0.20165756,0.1701169,0.23825122,0.2522736,0.2538362,0.2515464,0.16005048,0.27416334,0.23854737,0.28848824,0.29277062,0.09586182,0.26546493,0.46273512,0.32679743,0.5324661,0.4157599,0.10915842,0.18766646,0.12287582,0.4774451,0.27305207,-0.08304706,0.18531948,-0.22237816,-0.04085941,-0.02545937,0.10788146,-0.0030246757,0.018206676,0.04918861,0.045956362,0.11242293,0.17019673,0.56520045,0.50913095,0.59899443,0.2677069,0.59834564,0.49943596,0.46807566,0.54435563,0.30460548,0.218166,0.27265742,0.20501876,0.083884284,-0.042196278,0.20229135,0.101140834,-0.0009083356,0.016221382,-0.10112323,-0.016685333,-0.04178419,-0.09394403,0.2543719,0.36829564,0.23900801,0.32194507,0.12857455,0.17957778,0.052553914,0.27017176,0.2431113,0.3008158,0.43128774,0.5035906,0.21069446,0.16889597,-0.21009438,-0.09559648,-0.17294909,-0.1924424,-0.19887531,-0.15273789,-0.12605417,-0.3064542,0.171761,0.12129085,0.14455837,-0.12929636,0.3803444,0.07665523,0.20538634,-0.056953292,0.06717783,0.13963194,-0.02265724,0.16268933,-0.04945253,0.0935239,-0.10011972,-0.049420558,-0.17529477,0.24453719,0.14854322,0.15030423,0.051613808,-0.14851041,-0.07488619,-0.27173987,-0.18271379,-0.06055171,0.0336322,-0.09835589,0.105000295,-0.00042847084
babys_first_food_journey,0.88500005,1.0000001,0.89682454,0.62939423,0.8049985,0.93849117,0.29251593,0.28427023,0.028562628,0.18347266,0.07653523,-0.01697971,0.04978522,0.23081894,0.06051036,0.19932307,0.08293803,0.53103393,0.6287831,-0.02110966,0.3513736,-0.184254,0.25099257,0.3052068,0.10476468,0.20518127,0.069202095,0.052670974,0.045950923,0.24922477,0.14394642,0.195821,0.016492473,0.057679642,0.093698725,0.08095835,-0.079099946,-0.08084765,0.16271628,0.0025170292,-0.2923451,0.24806264,-0.08770662,0.40954968,0.36419967,0.024801891,0.014252947,0.008352977,-0.09648818,-0.007438784,-0.121961676,-0.13936926,0.13794495,0.029875372,-0.06501951,-0.049182177,0.031040905,-0.11230691,-0.080622934,0.10708589,0.02292408,0.48730272,0.2604855,0.014358909,0.22157422,0.2794889,0.28100982,0.05438793,0.19784586,0.17797057,0.24204881,0.41926908,0.031598628,0.091699116,0.376481,0.33657494,0.2018889,0.2462462,-0.091770485,-0.10370626,0.27494314,0.27367526,0.32908756,0.34002072,0.31084245,0.008804031,0.3029331,0.3042306,0.4145886,0.2549991,0.09253188,0.1901396,0.4844869,0.34382477,0.51314133,0.29138488,0.17560658,0.3046225,0.1907791,0.5821735,0.4314271,0.08467161,0.2759183,-0.32433358,-0.08170621,-0.13972872,-0.019322263,0.012478001,-0.026573503,0.04914759,0.078067094,0.1928819,0.21269162,0.5097869,0.5081284,0.6494808,0.30459324,0.54589653,0.41335046,0.46135634,0.5535301,0.39690512,0.2679818,0.33907682,0.20762216,0.041468278,0.04032955,0.25994718,0.15488982,-0.032605905,0.07436426,-0.0008424109,0.09352918,-0.055043325,-0.04591494,0.12718844,0.33798274,0.29798436,0.30255103,0.19864239,0.2728512,0.18703052,0.31295967,0.39301983,0.42463496,0.60073394,0.43459615,0.1816738,0.12448731,-0.23647119,-0.13710885,-0.058176942,-0.10454701,-0.26892045,-0.15554085,-0.23512231,-0.30519682,0.20255402,-0.009999281,0.25638205,0.03191966,0.3702914,0.049760368,0.17599438,0.026399836,0.014424165,0.14865805,-0.08851454,0.030628458,-0.067017436,0.03409963,-0.101467796,-0.066999026,-0.1741867,0.30607605,0.2564094,0.25758004,-0.19643992,-0.31601533,-0.05518348,-0.43618265,-0.3875697,-0.17039827,-0.08143384,-0.21236703,0.14391938,0.024937795
getting-baby-started-on-solids,0.8175411,0.89682454,0.9999999,0.6169043,0.69231707,0.8840992,0.16768251,0.22288552,0.02762546,0.183833,0.0928804,-0.012198128,0.18067752,0.19531322,-0.015778564,0.11102344,-0.02884193,0.64504075,0.7447592,0.008789781,0.35752493,-0.14535032,0.25130436,0.26284087,0.11012846,0.22355314,-0.022732446,0.01833616,-0.040214773,0.19892144,0.040231764,0.22385815,0.10657489,0.04050973,0.019870803,0.00017430478,-0.00017883352,-0.06253742,-0.013180363,-0.10364511,-0.2438665,0.26779544,-0.07402364,0.428545,0.33361697,0.08220001,0.0062431055,0.028774844,-0.052105792,0.03787002,-0.06744156,-0.061459355,0.14557452,0.06537996,0.020497436,0.018521136,0.022284113,-0.051547896,0.00094882754,-0.0011066686,-0.06112019,0.50622374,0.23317604,-0.0354429,0.19797264,0.32564342,0.32197726,0.068855464,0.2411895,0.16220126,0.1509936,0.5008941,-0.025989981,0.03032319,0.3157834,0.29739174,0.23100233,0.29977566,-0.062244136,-0.08015883,0.22383188,0.25763986,0.28696874,0.32498124,0.31840378,-0.061110865,0.23869729,0.2872868,0.4650205,0.32583454,0.20453537,0.2396156,0.5376997,0.44894254,0.5478614,0.34788576,0.1904645,0.24065408,0.052333724,0.46493703,0.24174507,0.1262119,0.29368192,-0.27207947,-0.07838283,-0.09164069,-0.014246439,-0.01136219,0.043348808,0.064580135,0.15245926,0.29758275,0.2849501,0.47551757,0.5663129,0.5617147,0.35140345,0.5126786,0.560429,0.40089163,0.51271206,0.42335933,0.27642614,0.36662152,0.22198203,0.07451838,0.20285963,0.37731388,0.31221116,-0.099362515,0.0065511437,-0.030871088,0.056979228,-0.18385968,-0.060895532,0.0076878467,0.40942413,0.4389511,0.3408477,0.40486297,0.27698937,0.16166274,0.31075507,0.29986864,0.5226224,0.6672708,0.50343496,0.2460467,0.24263512,-0.20712112,-0.100691065,-0.070536256,-0.01278663,-0.16827755,-0.14028208,-0.17606248,-0.21115498,0.16495626,-0.021938948,0.2899377,0.084803276,0.3172305,-0.06830465,0.058559522,0.063958585,0.006865935,0.020475186,0.09226704,0.104836255,-0.082481764,0.07568909,-0.06422598,-0.032640316,-0.15247905,0.37217084,0.24521388,0.16594432,0.029876117,-0.2605643,0.05975952,-0.36999404,-0.34701926,-0.13310064,-0.035471044,-0.2842563,0.08542548,0.15483108
baby-first-year-go-steady-with-solids,0.68608844,0.62939423,0.6169043,1.0,0.51925194,0.6401298,0.34259307,0.46443215,0.20281804,0.3720198,0.2883935,0.20701048,0.32389933,0.35218006,0.5199007,0.52489173,0.40320793,0.48333275,0.5553607,0.15504007,0.3355416,0.024212612,0.17765789,0.32799706,0.17134885,0.25534758,0.4536017,0.42331734,0.45733815,0.40689385,0.51836485,0.1313072,0.18890049,0.11064721,0.14117,0.10282211,-0.0017715618,0.035347488,0.11827949,0.10691849,-0.022030951,0.3172251,0.10925911,0.38760868,0.24918362,0.27804235,0.11047298,0.23266457,0.0338482,0.17480333,0.12704757,0.17669375,0.27156734,0.22333798,0.19749536,0.06117777,0.27931818,0.21778576,0.17237477,0.32832673,0.21798052,0.4541221,0.29618675,0.14449988,0.29512635,0.47279868,0.43765512,0.3045279,0.23403059,0.2309133,0.24244554,0.46167234,0.21162783,0.40572032,0.6220892,0.4189573,0.5027462,0.4737624,0.0401532,0.018714044,0.31972167,0.29664826,0.30409047,0.26824826,0.3476628,0.25800252,0.4090749,0.29192713,0.416811,0.21273898,0.12961751,0.21328607,0.46564412,0.3521853,0.49919942,0.45949405,0.47811332,0.44137624,0.48137346,0.5324994,0.5442415,0.13142878,0.14585733,0.14893854,0.28783083,0.23612094,0.3398489,0.07274219,0.10394818,0.08745145,0.31538808,0.33124316,0.48271132,0.44381824,0.40691242,0.40514544,0.48642164,0.4379638,0.35179466,0.38074705,0.42343664,0.4697107,0.41198266,0.43005654,0.27387637,0.19992355,0.12254701,0.2845212,0.27740332,0.25248027,0.3833072,0.334355,0.3730504,0.34337482,0.28399804,0.33427596,0.6885441,0.2695459,0.27418813,0.285668,0.295349,0.15866178,0.21188344,0.294289,0.4451515,0.45660278,0.4287561,0.20413558,0.12456809,-0.031917673,0.13139494,0.22005719,0.16180378,0.051811464,0.17487834,0.117549255,-0.022419035,0.2798657,0.25245765,0.2388685,0.17535475,0.29242626,0.24483901,0.18019244,0.15783195,0.2461068,0.28788865,0.109953955,0.29749334,0.05076969,0.179754,0.07044394,0.22775105,0.119485445,0.52917403,0.200424,0.11991016,0.19143437,0.05860936,0.23372005,0.073969446,0.20343104,0.23390968,0.22360806,0.1672024,0.19080932,0.15373087
what-a-weaning-baby-needs-for-strong-immunity,0.70543414,0.8049985,0.69231707,0.51925194,0.9999999,0.7364604,0.16764414,0.23520482,0.025985671,0.18073687,0.05800086,-0.004140274,0.020530123,0.22993954,0.03476767,0.13122243,0.093525656,0.6913193,0.69999677,0.021146942,0.22489814,-0.14899643,0.3274524,0.25214154,0.09447191,0.2403354,0.019603275,0.06112925,-0.066616714,0.064944044,0.030191565,0.23516445,0.05038372,-0.042826496,-0.06046174,-0.013530113,-0.016749648,0.030013379,0.13478275,-0.08181989,-0.13676256,0.32202783,-0.09157145,0.6421028,0.57361436,0.16703148,0.080906495,0.09363903,-0.056470107,0.023940418,0.009730323,-0.03281667,0.24039803,0.119309686,0.07090108,0.073668405,0.08269702,-0.050852083,-0.1097101,0.017159563,-0.020237627,0.357509,0.124059975,0.01869454,0.10770463,0.20271026,0.25914302,0.029655132,-0.028583072,0.032944072,0.06390158,0.3159293,0.031103171,0.11930446,0.31070736,0.2203494,0.14595658,0.09989032,-0.031340163,0.021129884,0.48314518,0.45831415,0.054756436,0.17672665,0.13683604,-0.10464205,0.338918,0.19173053,0.24659723,0.2984847,0.29170287,0.29477355,0.39842713,0.28568915,0.53411424,0.394365,0.19865526,0.14595224,0.12316611,0.5121223,0.42390272,0.18983503,0.21872658,-0.34533054,0.039059337,-0.26341537,-0.05061299,0.19401951,0.076099515,0.22821234,0.01596069,0.07039821,-0.009350278,0.54563123,0.5538957,0.7098136,0.3713551,0.5378209,0.40343073,0.49824843,0.63457537,0.33225882,0.1350819,0.23893267,0.100586906,-0.075045995,-0.0848252,0.16317193,0.026967822,-0.095840745,0.062055707,-0.06831852,0.080836736,-0.13029207,-0.078289285,-0.08066105,0.35754007,0.19700857,0.1641308,0.07325248,0.10498595,0.09792919,0.061364245,0.21679418,0.30144864,0.45008808,0.21738112,-0.0037224006,0.0013290814,-0.27425906,-0.30798995,-0.22152287,-0.087574326,-0.4128608,-0.2731684,-0.25648338,-0.329982,0.1732779,0.20493521,0.025623573,0.04682522,0.38924277,0.17619605,0.22197622,0.0150885135,0.047365464,0.29042244,-0.0318104,0.02025034,0.049965497,0.102579296,0.09256319,0.10591109,0.015934268,0.4102888,0.3153567,0.3490757,-0.28224942,-0.4087919,-0.24667443,-0.4946798,-0.37690243,-0.18018204,-0.096069515,-0.14161664,0.12316588,0.06407269
baby-getting-ready-for-solids,0.89043707,0.93849117,0.8840992,0.6401298,0.7364604,1.0000001,0.245224,0.26236048,0.10207798,0.3008791,0.18353996,0.059209626,0.116246924,0.25869402,-0.018155452,0.15158436,-0.04270295,0.4884298,0.60344046,-0.0058911927,0.40822026,-0.08991059,0.27202007,0.36023906,0.12059634,0.24574499,-0.027340436,0.0077237953,0.028111033,0.22336742,0.100637436,0.14209558,0.049189307,0.015085533,0.0911964,0.0018502204,-0.10098006,-0.10179441,-0.011528563,-0.052293517,-0.39298305,0.22313434,-0.23293367,0.4278817,0.36128208,-0.025817227,-0.12625004,-0.1454878,-0.23526563,-0.14084472,-0.2619374,-0.2175513,0.002425786,-0.10509527,-0.20045608,-0.20272584,-0.047424752,-0.19013831,-0.15541914,0.15803,-0.04412885,0.52154607,0.26652864,-0.05050323,0.13763462,0.20295998,0.19138436,0.08572671,0.23698214,0.07930367,0.18105619,0.4494913,-0.07224733,0.042162754,0.3955979,0.26893878,0.24508177,0.31541258,-0.20484656,-0.19430947,0.26659372,0.21524085,0.29131073,0.259832,0.42895117,0.13498752,0.3434528,0.32266346,0.47299647,0.38203305,0.23869643,0.33035064,0.5823534,0.40684623,0.58835626,0.29467404,0.2552145,0.3939275,0.17119959,0.5655406,0.36260256,0.040823482,0.2901331,-0.3198299,-0.026303783,-0.08937034,0.003949173,-0.01050365,-0.022561627,0.018250642,0.08868663,0.20851825,0.25860497,0.5355724,0.5485608,0.61376774,0.22276366,0.4912636,0.52381825,0.40121314,0.56585485,0.4444225,0.28616768,0.39088425,0.30113828,0.11031585,0.15593301,0.3507225,0.27634236,-0.11894053,0.07223932,-0.020891977,0.016761417,-0.04034975,-0.07948721,0.13208625,0.35471898,0.3638232,0.3610788,0.27757722,0.17525944,0.11547269,0.25030583,0.22554873,0.4246941,0.6050668,0.5501358,0.31181955,0.25713587,-0.2787747,-0.0025173915,-0.058078922,-0.069213316,-0.21455699,-0.15634024,-0.2223051,-0.31882524,0.1850728,0.032301016,0.24524297,-0.036500115,0.31195018,0.005379594,0.1275067,-0.1103867,-0.10567412,0.06627417,-0.12612186,-0.055660106,-0.22155604,-0.10841883,-0.16001156,-0.17397375,-0.28326043,0.32128957,0.25606272,0.25073063,-0.09855733,-0.2542732,-0.057832714,-0.41554737,-0.35279703,-0.14394663,-0.11392439,-0.24993588,0.15859704,-0.0054585636
what-is-the-glycaemic-index,0.10597607,0.29251593,0.16768251,0.34259307,0.16764414,0.245224,0.99999994,0.8297275,0.22164091,0.19538024,0.2660703,0.26848805,-0.20481284,-0.03472021,0.12477008,0.31667486,0.2888911,0.062027562,0.07033408,0.16672528,0.10045037,0.05521078,0.26109666,0.05011152,0.18679841,0.07601062,0.532849,0.44656023,0.5777371,0.4486387,0.55611485,0.13854049,0.21283959,0.12405389,0.15934342,0.0060668774,0.14380331,0.1477192,0.12085063,0.12691458,0.25490135,0.43589598,0.29751933,0.08273969,0.124333106,-0.1610424,-0.15452315,-0.005386738,-0.13594726,-0.1346969,-0.12511367,-0.24114668,-0.08102223,-0.014144451,-0.11355275,-0.23638779,0.026456872,-0.20714688,-0.24750368,0.289843,0.52919835,0.31268153,0.6094611,0.44425476,0.3871112,0.5207077,0.1534596,0.3802956,0.09238471,0.5059321,0.3897684,0.36795613,0.48234716,0.6376758,0.58153635,0.5786221,0.45544195,0.32288003,0.31395885,0.34414464,0.21492954,0.19207999,0.35520965,0.13826536,0.41518563,0.35952556,0.567583,0.47136876,0.48695105,-0.102555685,-0.14309654,-0.15880775,0.31054756,0.32825425,0.18811074,0.19120452,0.33148542,0.66168743,0.529755,0.4228963,0.5328199,0.48267156,0.36945724,0.13036121,0.33192492,0.11053585,0.33450714,-0.122440584,-0.22335613,-0.22682813,0.048061933,0.064395845,0.43098322,0.06124851,-0.008575724,0.0036805498,0.17703083,-0.018443363,-0.033975646,0.0072552194,0.034516934,0.539403,0.45220345,0.58952004,0.19399288,0.19083093,0.08788524,0.10085545,0.22182313,0.2525602,0.34957337,0.4922296,0.43404844,0.45625314,0.39644235,0.37233865,0.4499245,-0.04316888,0.18768772,0.08378516,0.06995027,0.24961834,0.084805965,0.2427859,0.2529862,0.19386375,0.018324845,0.14400747,0.023938911,0.03167062,0.11726452,0.42329058,0.2640841,0.162843,0.2966836,-0.029154105,0.046277273,0.07693186,-0.019262655,0.36439943,0.282074,0.17463708,0.08888938,0.23985893,0.11286033,0.12801014,0.15996914,-0.22767265,-0.038910396,-0.17966764,-0.246616,-0.25956583,-0.037591036,-0.14618906,0.2626515,0.18769564,0.12079239,0.0030568517,0.2710241,0.20406306,0.20318462,0.14912826,0.06343434,0.13032256,0.09495328,0.06680145,0.07185
the-gi-values-of-common-foods,0.16435367,0.28427023,0.22288552,0.46443215,0.23520482,0.26236048,0.8297275,1.0,0.12798277,0.21196696,0.12842605,0.14026064,-0.13933842,-0.0032188625,0.25555733,0.30287945,0.3289945,0.108660944,0.12759799,0.0065447846,0.021623835,-0.09046542,0.20223257,0.026383827,0.054727264,-0.06573028,0.47187927,0.4924365,0.5849683,0.5441529,0.5454437,0.14177154,0.19354801,0.0007452734,-0.05443526,-0.11117121,-0.017878199,0.16748393,-0.014350878,0.09805783,0.21266977,0.38981682,0.25006825,0.20054951,0.166997,-0.08688736,-0.12991726,0.009286246,-0.1696322,-0.098289,-0.063304886,-0.15176173,-0.02036785,-0.054392755,-0.08415475,-0.18129493,-0.029668372,-0.1819887,-0.120701455,0.29270324,0.5287435,0.31051597,0.4600268,0.33039013,0.4622488,0.40340698,0.21943387,0.41991663,0.10019805,0.4944523,0.31980744,0.4123041,0.56745416,0.5841852,0.5788682,0.5885308,0.5172955,0.27679744,0.25369024,0.3274732,0.25532755,0.34151375,0.25851858,0.11698949,0.31561914,0.33965468,0.44937724,0.46855563,0.38167992,-0.12796824,-0.11853233,-0.12632325,0.26302615,0.27524057,0.23197632,0.3599568,0.47405276,0.58619696,0.52736944,0.5384833,0.5686884,0.33430335,0.31094936,0.07222541,0.22324295,0.046327632,0.18890446,-0.14718279,-0.24301147,-0.23717144,0.15068723,0.13707297,0.4589249,0.07392761,0.045065984,0.033249114,0.28984678,0.08661986,0.062031996,0.12338563,0.15450734,0.5503848,0.3794122,0.5165869,0.09565278,0.0069045494,-0.05309651,-0.012999087,0.13219985,0.36000454,0.44691816,0.5548037,0.5630484,0.53605074,0.490365,0.19356965,0.3851595,-0.108191706,0.101887174,0.0011524226,0.09999201,0.1896037,0.034885034,0.21967049,0.23824531,0.20146991,0.035266165,0.087038614,-0.08451816,0.020079043,-0.04927208,0.37909943,0.18728554,0.12467804,0.23981686,-0.09332547,-0.080628335,-0.0147665525,0.03973873,0.2646067,0.13149835,0.035287134,0.07076821,0.17934284,0.18253233,0.11136842,0.2457291,-0.23945482,0.032138485,-0.10760468,-0.18742359,-0.16282772,-0.028601777,-0.17076844,0.21986112,0.21897703,0.23023732,0.11353757,0.21821688,0.11940744,0.12771145,0.10000779,0.068871945,-0.056899842,-0.0020444868,0.0374122,0.09317883
abcs_of_falls,0.16170576,0.028562628,0.02762546,0.20281804,0.025985671,0.10207798,0.22164091,0.12798277,0.9999999,0.75245565,0.8617782,0.9244155,0.39438763,0.37181622,-0.026838943,0.104240574,0.0882332,0.16028303,0.21230611,0.40370354,0.4344404,0.45538694,0.3877987,0.34707326,0.43772724,0.3738045,0.17227016,0.0043431185,0.28521916,0.07245837,0.21198735,0.2935169,0.22072144,0.21474326,0.30621862,0.14572722,0.33364856,0.18335415,0.09708886,0.37908167,0.3750178,0.20852998,0.15217304,0.29216105,0.43436122,0.059396997,0.09799458,0.16273293,0.0687375,0.113897525,0.10156609,0.11504747,0.2380921,0.22479844,0.08854952,0.11208311,0.27807236,0.21599396,0.250114,0.17079104,0.12653694,-0.090249665,0.24319755,0.19619241,0.0607234,0.087299965,-0.06825757,0.070756614,0.22622348,0.10453552,0.15066569,0.09417709,-0.08904958,0.038290005,0.19719312,0.27124065,0.22838633,0.393658,0.4182847,0.35800666,0.31684318,0.23803236,0.5669783,0.42431495,0.15643282,0.3939791,0.54846454,0.29711387,0.10607022,0.4902041,0.25902504,0.5417951,0.20332432,0.28876287,0.21345507,0.39948976,0.31807876,0.16688527,0.11613376,-0.005531152,-0.03210081,0.19671796,0.38221434,0.2316675,0.47661385,0.4568036,0.40852916,0.32320595,0.21862409,0.27785596,0.31508338,0.28350365,0.08609088,0.465621,0.38676026,0.28252146,0.27437526,0.20822245,0.30589765,0.19005364,0.37091452,0.22374849,0.3832987,0.37334827,0.19403385,0.40288186,0.2565363,0.27188984,0.26119787,0.035572767,0.1317733,0.0940697,-0.054288246,0.23384796,0.1471442,0.35106364,0.46936038,0.24499987,0.35843366,0.18934387,0.41255128,0.5373921,0.5021424,0.33662024,-0.12707289,0.029661028,0.51260144,0.5973893,0.5019787,0.17397694,0.38507873,0.340473,0.3737402,0.39615577,0.4790059,0.406208,0.2712554,0.14147134,0.17137972,0.3364223,0.23981996,0.31562874,0.31406993,0.3201032,0.07719727,0.31797808,0.10903684,0.18927602,0.2453194,0.005797499,0.14569436,0.12645137,0.13627121,0.10179493,0.20389041,0.01921213,0.11190525,0.39761898,0.3907388,0.31441116,0.47040167,0.35019144,0.16608286,0.40930733,0.3567816,0.1830158,0.103623755
tips-on-fall-prevention,0.34203437,0.18347266,0.183833,0.3720198,0.18073687,0.3008791,0.19538024,0.21196696,0.75245565,1.0,0.8316581,0.8461073,0.42920902,0.40241626,0.19422705,0.27034768,0.105254866,0.28139576,0.3683589,0.113423556,0.44458264,0.37167832,0.34071395,0.5146962,0.42519417,0.38657615,0.25103816,0.020297237,0.37094146,0.2190025,0.25305033,0.049332265,-0.13347025,0.10172089,0.15777232,0.14805062,0.14932695,0.07316073,-0.06859364,0.27830288,0.022964362,0.056478783,0.01444362,0.106649294,0.31490314,0.020732548,-0.020085055,-0.061907306,-0.054925203,0.08737728,0.037934214,0.1771522,0.13811179,0.12048087,-0.048022483,-0.007985483,0.10552397,0.23332635,0.1297751,0.16756871,0.15448138,0.01887474,0.24486499,0.19476707,0.11008331,0.10631242,-0.008275035,-0.036776297,0.24759153,-0.08802822,0.19817504,0.14150716,-0.0267954,0.10426195,0.3070177,0.30962634,0.35115504,0.5048183,0.06898547,0.17351036,0.11271516,0.1283269,0.44850683,0.31360516,0.16902822,0.44891855,0.537955,0.08372292,0.16001335,0.39440963,0.25460598,0.4864985,0.3867321,0.43410152,0.43482652,0.40527064,0.3983843,0.06642987,0.19072813,0.049171526,0.0043561957,-0.096520685,0.04416029,0.12727839,0.4000985,0.3451021,0.24249578,0.14644712,0.11939789,0.09534366,0.23804288,0.21824074,0.092161156,0.5094028,0.40445346,0.31638885,0.1423999,0.20509459,0.32393432,0.1989023,0.4049075,0.33236668,0.30924845,0.44901443,0.14161652,0.27511784,0.16277683,0.28821662,0.32936254,0.0014432182,0.07520382,-0.01746529,-0.027113033,0.1668024,0.062248413,0.32376683,0.39928922,0.27330667,0.4342309,0.2753958,0.24928273,0.33478516,0.41679308,0.21242866,-0.23998709,0.029630037,0.44866925,0.5545624,0.43292654,0.07754001,0.13260137,0.14567819,0.33876026,0.31942672,0.436019,0.08066545,0.015487613,0.19334342,0.3119439,0.18307391,0.11252969,0.38497156,0.1589819,0.28623816,-0.11739294,0.09036312,-0.002912455,-0.01641475,0.1724666,-0.0069051385,0.0404514,-0.059515353,-0.0070504234,-0.14098534,0.31157124,0.07229102,0.19040042,0.28223726,0.26822224,0.19120868,0.3849899,0.29532006,0.095850386,0.3416225,0.09312811,0.09672738,-0.049273685
combatingfalls,0.19616027,0.07653523,0.0928804,0.2883935,0.05800086,0.18353996,0.2660703,0.12842605,0.8617782,0.8316581,1.0000001,0.93412775,0.38930812,0.34681565,0.052949518,0.18202989,0.057849947,0.1776731,0.27849692,0.30585444,0.37804517,0.4132377,0.37176752,0.42943284,0.44766715,0.39769593,0.26614186,-0.01608129,0.36246458,0.101201594,0.32481477,0.09242536,0.097912416,0.14229229,0.24225663,0.03823197,0.2571301,0.036791105,-0.041919626,0.16826317,0.11074809,0.11382172,-0.009855149,0.13676135,0.27143106,0.011610332,-0.047509138,0.025663413,-0.054837424,0.019406868,0.005708963,0.046050217,0.07777923,0.14964399,0.01604495,-0.07178088,0.20300657,0.09593087,-0.0011039114,0.2953075,0.13062744,0.030436272,0.24256828,0.20718713,0.09907527,0.10753641,0.005398159,0.15306589,0.31744403,0.049974423,0.19646166,0.16965456,-0.19007324,0.14622512,0.4184607,0.35207924,0.44486988,0.5560346,0.24660566,0.18834737,0.22106439,0.030064903,0.5248402,0.41720945,0.26515824,0.42575517,0.5651959,0.27841613,0.2826255,0.45805842,0.25188708,0.49363095,0.22347747,0.29382882,0.24523899,0.30132788,0.3871723,0.22349426,0.1492688,0.03907795,0.02084799,0.08627809,0.20891403,0.22415388,0.6022929,0.4806595,0.4364257,0.2512265,0.1511634,0.18936247,0.3254229,0.28190985,0.24414413,0.4206876,0.3438974,0.26390314,0.15819329,0.11063356,0.24837327,0.10991087,0.2603399,0.15774016,0.30906326,0.4387861,0.23801361,0.44289392,0.33374834,0.33824202,0.37164485,-0.011847319,0.107796684,0.05900113,-0.09027176,0.21104875,0.1428595,0.4311083,0.5166682,0.31043208,0.44217,0.2932333,0.27795392,0.3776866,0.44033158,0.15409702,-0.122808605,-0.010416834,0.50635713,0.56593007,0.4918444,0.08794056,0.41072872,0.33185923,0.41183507,0.36640275,0.4509744,0.37873402,0.26351768,0.12727384,0.16191009,0.32205454,0.21136372,0.29247382,0.12154028,0.14379631,-0.10427784,0.17192142,0.019919887,0.14199354,0.17400175,-0.12186732,0.011030792,0.0011262367,0.07828369,0.0527577,0.38124484,0.14352372,0.13851963,0.31343833,0.27504823,0.36205572,0.4232287,0.30856928,0.19855908,0.46369022,0.2156071,-0.031232774,-0.041911595
falls_prevention_programme,0.09355419,-0.01697971,-0.012198128,0.20701048,-0.004140274,0.059209626,0.26848805,0.14026064,0.9244155,0.8461073,0.93412775,1.0,0.3700298,0.3537453,0.028448425,0.11684008,0.059281863,0.17546973,0.2453587,0.3313187,0.4071274,0.4570569,0.44794118,0.45381,0.5705531,0.4640758,0.2129895,-0.068918414,0.29244244,0.0625014,0.23066665,0.14053233,0.10324464,0.12941489,0.19110447,0.07121466,0.22420025,0.07499781,-0.003446431,0.23369326,0.28857794,0.15096815,0.11282425,0.15326855,0.3597174,0.046067797,0.06916456,0.111950375,0.04953519,0.16396557,0.125561,0.18189129,0.19755764,0.23268901,0.12867996,0.078774996,0.24638343,0.21120161,0.1618116,0.18408276,0.18513368,-0.0938507,0.22337645,0.2464245,0.082317054,0.15212174,-0.057659112,0.09065545,0.20180012,0.10695728,0.19285925,0.07675757,-0.11967358,0.1315444,0.3145998,0.30762607,0.35923928,0.4676935,0.40677056,0.34174916,0.27166095,0.11411774,0.52282023,0.34528834,0.1628795,0.4268006,0.53827596,0.20917739,0.15558343,0.39503202,0.2386834,0.46432847,0.21291801,0.3133063,0.24069348,0.34676164,0.38896596,0.1625804,0.17465068,-0.03099955,0.018528469,0.18625183,0.2703279,0.29061052,0.60587466,0.48874643,0.46414745,0.33673495,0.2562654,0.26268187,0.3354104,0.28513607,0.10845723,0.3994411,0.36775708,0.2209614,0.19942924,0.09243928,0.2329561,0.11839205,0.31306967,0.2082137,0.36755064,0.47509328,0.20896521,0.43796837,0.25927,0.30413002,0.31980368,0.016045436,0.1310341,0.059548058,-0.048223358,0.23122922,0.17548616,0.37483856,0.47038665,0.29657584,0.40059352,0.25844923,0.33894473,0.41499394,0.4357855,0.24316251,-0.21281426,-0.056539603,0.47029936,0.5756949,0.46897,0.14441876,0.34045005,0.36620834,0.46855807,0.3851854,0.51204604,0.38037187,0.3071863,0.093299374,0.15767333,0.34362996,0.28191778,0.30282587,0.2330731,0.260244,-0.017877785,0.18883169,-0.0070981192,0.15383294,0.2254492,0.040983602,0.13780263,0.117925204,0.19459781,0.13044377,0.2545843,0.022586877,0.09385386,0.3399915,0.36121872,0.36748433,0.5245049,0.37446836,0.22056139,0.50553656,0.27246347,0.02694408,0.0028165784
move-in-your-time,0.24644358,0.04978522,0.18067752,0.32389933,0.020530123,0.116246924,-0.20481284,-0.13933842,0.39438763,0.42920902,0.38930812,0.3700298,1.0,0.82786727,0.37853715,0.28483552,0.25279215,0.37115476,0.35653093,0.004992301,0.19251534,0.2282749,0.07616032,0.18103136,0.1436678,0.23814304,0.07165254,0.04696718,0.20523746,0.07696762,0.14547545,0.07507678,0.02786388,0.28892574,0.33501622,0.24921097,0.2482675,0.009133978,0.25197512,0.3578572,0.18978627,0.11349595,0.15519468,0.063508116,0.14624268,0.43286228,0.15288651,0.17540805,0.20586224,0.15220994,0.40663207,0.43967825,0.25717416,0.25693518,0.22373407,0.25677758,0.2716389,0.5944624,0.54459584,0.14917412,0.14013277,0.08927868,0.107134774,0.22535904,0.31101274,0.13421339,-0.034862917,0.08499076,0.10670726,-0.046191517,-0.15028982,-0.16633727,0.0015536766,-0.017905781,0.07166415,0.08028312,0.1781082,0.320757,-0.03972304,0.013879958,0.31297797,0.39113054,0.14572215,0.19133854,0.10079959,0.28976914,0.27943945,0.124984,0.1310342,0.13691767,0.20895615,0.19227278,0.059486087,0.06091729,0.06751703,0.1335814,0.07430525,-0.14589682,0.13950296,-0.07047718,-0.32928687,-0.17797229,-0.034165345,0.53367907,0.43697056,0.47935748,0.47826833,0.019191135,0.10243284,0.09684745,0.17319089,0.17451546,0.24168491,0.38993886,0.42747286,0.40870172,0.31141883,0.52418315,0.3971065,0.50277245,0.46793893,-0.00973914,-0.062453263,-0.13962437,-0.07337768,0.40731767,0.18834077,0.12983789,0.18893863,0.23411115,-0.11509873,-0.06940695,0.04749182,0.015098799,-0.0007903725,0.48342746,0.38383874,0.279568,0.2291026,0.19130026,0.25138375,0.23796798,0.3478515,0.16432755,-0.13021018,0.29568496,0.4051333,0.32390314,0.3841801,0.32562593,0.3942625,0.072777584,0.19089769,0.4079633,0.21629667,0.5335296,0.46755677,0.42586115,0.38690156,-0.05326395,-0.032496415,0.28929415,0.12537256,0.12137376,0.13685507,0.19867386,-0.1624366,0.27184778,0.391727,0.19023818,0.35848993,0.049372144,0.111060485,0.118827716,0.28590232,0.0044379183,-0.10490928,0.60817623,0.49191839,0.41271803,0.4549023,0.42614603,0.49049994,0.69551677,0.53535676,0.11277274,0.008830083
pregnancy-being-fit-when-pregnant,0.43645793,0.23081894,0.19531322,0.35218006,0.22993954,0.25869402,-0.03472021,-0.0032188625,0.37181622,0.40241626,0.34681565,0.3537453,0.82786727,1.0000002,0.32674772,0.25987,0.2873612,0.3510698,0.3228484,0.031690817,0.20926745,0.132036,0.14783186,0.24824859,0.170564,0.192798,0.13837601,-0.048539758,0.19290586,0.09485835,0.15027466,0.18759508,0.13036256,0.30421758,0.31759837,0.15585648,0.1627393,0.024262693,0.41659403,0.35048085,0.1756261,0.27886763,0.14505261,0.079050064,0.23155282,0.46846035,0.18688424,0.22398989,0.20244631,0.2298021,0.39216274,0.40108618,0.2912605,0.25398186,0.20478034,0.24356237,0.34364033,0.54576904,0.46516055,0.16157535,0.15804346,0.19671199,0.058436614,0.21989912,0.26304597,0.03549077,-0.19896944,0.1618454,0.02759604,-0.03805156,-0.22697595,-0.27905664,0.020296795,-0.08235737,0.17741397,0.055859,0.2257822,0.10861622,-0.028860506,-0.006834676,0.47227085,0.5205094,0.18766162,0.10736704,0.18741408,0.42392012,0.40247133,0.19970864,0.1254707,0.04591666,0.16807033,0.097783975,0.088945724,0.004204556,0.16252005,0.2071112,-0.019445043,-0.022714742,0.23273166,0.14595713,-0.10774336,-0.045549978,0.18135008,0.3921074,0.3900661,0.3043976,0.5100236,0.09070083,0.14235866,0.16048507,0.08930018,0.025669768,0.16000758,0.48095575,0.43838072,0.5404967,0.20506309,0.62766767,0.3656587,0.5971462,0.5741634,0.014775505,-0.014455618,-0.054397214,-0.039992288,0.3907514,-0.024832213,0.013174463,-0.03026089,0.28649384,-0.10295666,-0.07818126,0.124614604,0.01981676,0.014856196,0.5593575,0.35702047,0.14945045,0.2719158,-0.013374703,0.17916779,0.1447632,0.31713873,0.23657346,-0.21878196,0.2717145,0.4089084,0.29700458,0.3096018,0.24532776,0.24197914,-0.012744123,0.03306769,0.11377481,0.0687494,0.4472495,0.3244685,0.2322674,0.34931305,-0.021036783,-0.14904898,0.30340624,0.20293325,0.24889117,0.19366682,0.23755075,0.025728822,0.1296497,0.43336618,0.3025248,0.39706698,0.026670044,0.17854078,0.16046537,0.18007107,-0.008298656,-0.10920864,0.41972348,0.4213713,0.26304463,0.3538185,0.35961428,0.44714588,0.6766237,0.49587035,0.1588561,-0.0070112944
how-to-order-healthier-drinks,0.17814228,0.06051036,-0.015778564,0.5199007,0.03476767,-0.018155452,0.12477008,0.25555733,-0.026838943,0.19422705,0.052949518,0.028448425,0.37853715,0.32674772,1.0,0.8536336,0.7440983,0.062390443,0.0852761,-0.16195221,-0.016447522,0.16314843,-0.22071414,0.11346909,-0.04368503,-0.005606396,0.6905393,0.69339055,0.7160588,0.5958366,0.7023505,-0.14448032,-0.16938302,0.30986923,0.2727481,0.5512135,0.1171268,0.02130847,0.45057374,0.36228445,0.17779993,-0.039093737,0.4196975,-0.14571004,-0.19453347,0.46296957,0.39830625,0.44951874,0.4982362,0.398221,0.50744075,0.53192455,0.32876804,0.40434584,0.3260908,0.34855637,0.42593163,0.64524084,0.49342033,0.47178906,0.5268405,0.1895755,0.243939,0.31053853,0.41135722,0.25343165,0.4998598,0.22966675,0.34237757,0.13944098,0.33556935,0.06333616,0.4921629,0.4035802,0.33166745,0.33889675,0.3942697,0.3881788,0.016936008,0.006627758,-0.08647559,0.025445387,0.048357025,0.2185825,0.055594277,0.30947682,0.10986749,0.022746049,0.014159925,-0.12698488,-0.14689052,-0.0689967,0.047664836,0.052453794,0.091228515,0.16002896,0.15832202,0.008257141,0.47955206,0.12137169,0.27635702,-0.18631816,-0.33245847,0.61840487,0.2728649,0.43800592,0.3997812,0.05073883,0.08538682,0.04727752,0.17668222,0.09729333,0.40764877,0.040523354,-0.033934064,0.004853687,0.403657,0.19062304,-0.017242158,0.2012803,-0.06222167,0.11087617,0.01636823,-0.09638498,0.009045792,0.09377341,-0.08223049,-0.03264197,0.054569017,0.54697,0.3847933,0.34714076,0.4089482,0.4748696,0.3802203,0.51198757,0.3432031,-0.041653745,0.011477077,0.02520053,0.17643245,0.11160398,0.090353966,0.18037155,0.096478134,0.036695685,-0.08696851,-0.15703772,-0.20115693,0.39752373,0.18105635,0.14961594,0.010636942,0.42484266,0.32709926,0.2680635,0.2871624,0.5515414,0.5256759,-0.088875316,0.062859885,0.2972209,0.31378955,0.26088917,0.2016468,0.36348933,0.28199577,0.15352798,0.39324695,0.40152296,0.3398636,0.23718761,0.37955314,0.3437113,0.4072434,0.28604308,0.26897284,0.32204702,0.38225678,0.25755298,0.4775506,0.63379365,0.48674068,0.4151156,0.56847274,0.16378957,0.025477566
yum-seng-how-to-order-healthier-drinks,0.24794136,0.19932307,0.11102344,0.52489173,0.13122243,0.15158436,0.31667486,0.30287945,0.104240574,0.27034768,0.18202989,0.11684008,0.28483552,0.25987,0.8536336,1.0,0.79223746,0.11406873,0.14863595,-0.026366534,0.031198652,0.22225435,-0.2029263,0.085226804,-0.1027568,-0.028220087,0.7847763,0.7826234,0.82147926,0.73014724,0.8136762,0.10431808,-0.044471852,0.48716614,0.4872081,0.6422763,0.3295705,0.15173477,0.50930434,0.44125697,0.10240234,-0.024730287,0.28032938,-0.047368053,-0.09816919,0.39910266,0.34076506,0.47545025,0.45491838,0.25111327,0.36861894,0.3895015,0.32270363,0.39664912,0.24883024,0.25757977,0.512507,0.5525798,0.35762203,0.4525808,0.44235355,0.22702639,0.37685248,0.28976503,0.41644865,0.34791967,0.5460888,0.19604364,0.48438263,0.065674774,0.40455458,0.16998996,0.41069794,0.3469181,0.42059314,0.44641653,0.41340795,0.5417058,-0.084276155,-0.12473038,0.017286766,0.079359785,0.18909097,0.404049,0.25821555,0.32448202,0.36806306,0.13078977,0.13493058,0.0698891,-0.044594705,0.07463326,0.2850276,0.24415748,0.3052844,0.09694218,0.12569727,0.16795972,0.42244464,0.18343745,0.27891675,-0.078044966,-0.1247026,0.4914686,0.18069321,0.36509594,0.32359263,0.055128455,0.1420808,0.0900225,0.15180528,0.097942315,0.50227344,0.12536854,0.02170729,0.0013735397,0.3315464,0.17360507,0.054978505,0.17970519,-0.03457151,0.3363848,0.23153149,0.024165623,0.058871333,0.06026353,-0.023814877,0.046840344,0.08843588,0.4288696,0.38450298,0.39787573,0.35419956,0.4374432,0.30583617,0.51671755,0.38068995,-0.053191543,-0.015164253,0.08982032,0.21467541,0.22981822,0.17032136,0.22832794,0.15003589,0.19481356,0.015771637,-0.02158317,-0.07359934,0.21723346,0.24354997,0.058685973,-0.08544736,0.33417913,0.23619775,0.14742963,0.18757588,0.5852033,0.47610277,-0.03715501,0.022101542,0.32772905,0.23875815,0.25009844,0.14384592,0.41339257,0.314155,0.07496634,0.3646921,0.19987492,0.21530949,0.158382,0.33525825,0.2956627,0.5276498,0.37629342,0.31292844,0.19452211,0.3252966,0.18158485,0.38357824,0.5931052,0.27757564,0.33261034,0.51075214,0.37001684,0.15414673
